0 0 p1 5 14 4 16 9 15 8 15 2 15 7 14 5 15 3
2 1 p3 14 16 14 14 12 14 10 16 10 14 9 16 14 14 14 15 14 14 11
2 2 p5 11 15 10 14 13 16 13 14 9 14 10 14 11 14 12 16 10
2 3 p1 9 14 11 15 10 15 12 15 13 14 11 15 14 16 13
3 4 p1 10 14 11 16 12 14 12 14 10 16 14 15 14 14 10 15 14 15 12 15 13 15 10 15 10 14 10
4 5 p5 9 15 12 15 10 15 14 15 13 14 14 16 9 14 12 15 12
2 6 p3 9 15 12 15 9 15 12 16 13 16 13 15 11 16 9 15 14 15 12 16 14
3 7 p2 11 16 14 14 12 15 10 15 11 16 9 14 11 15 13 16 13
3 8 p4 11 14 12 14 10 16 14 14 13 16 14 16 13 15 10 15 13 15 14 15 10 15 10 16 10 15 9
4 9 p3 9 14 14 15 14 15 14 15 10 15 11 14 9 14 14
